Container        Irasu sk.        Skaitymo vidurkis(s)     Rusiavimo vidurkis(s)    Isvedimo vidurkis(s)     Visos programos vidurkis(s)
----------------------------------------------------------------------------------------------------------------------------------------
Vector           1000             0.00661968               0.00127336               0.004855                 0.0127481                
Vector           10000            0.0614063                0.0128755                0.0325504                0.106832                 
Vector           100000           0.618472                 0.181988                 0.325022                 1.12548                  
Vector           1000000          6.91023                  2.2897                   3.93931                  13.1392                  
Vector           10000000         92.4695                  28.9275                  48.5054                  169.902                  
Deque            1000             0.00734532               0.00143214               0.0148577                0.0236353                
Deque            10000            0.0662658                0.0138735                0.0328739                0.113013                 
Deque            100000           0.632151                 0.213982                 0.332605                 1.17874                  
Deque            1000000          6.3521                   2.61268                  3.36392                  12.3287                  
Deque            10000000         64.3637                  27.8078                  34.1782                  126.35                   
List             1000             0.0067036                0.0017132                0.00446286               0.0128798                
List             10000            0.066827                 0.022627                 0.0328647                0.122319                 
List             100000           0.632457                 0.363408                 0.339245                 1.33511                  
List             1000000          6.32986                  5.36527                  3.3811                   15.0762                  
List             10000000         64.0063                  72.8178                  33.6258                  170.45                   
